-54,21,24,-12,76,-7,1,-52,-29,64,-57,24,6,-63,-73,15,-2,-56,1,-7,79,61,74,3,31,-34,5,40,-53,-89,30,52,25,-61,-20,78,37,-11,10,5,-12,12,15,54,-67,50,-50,-17,15,-59,58,-55,58,49,-35,-3,17,25,29,41,-40,-79,15,-28,3,39,-25,30,-59,-56,47,13,48,40,28,-39,-56,-2,-3,-37,-62,-12,-15,-8
40,20,-50,7,25,23,42,-1,-14,13,-54,112,51,-37,-48,-75,-13,46,-59,33,87,-28,-92,-67,-15,34,23,38,28,0,53,77,73,-24,59,65,-57,78,98,13,69,-58,-67,-60,23,31,-77,13,5,-19,36,20,4,-1,37,43,37,-12,-78,4,-29,-34,1,-23,-5,-11,45,69,82,25,-120,-7,14,20,1,-3,-17,9,31,-26,25,11,-12,-28
3,-100,6,66,9,11,-14,-33,26,-29,-98,49,7,-43,-72,-81,-66,-49,-44,-86,39,50,66,16,16,-88,13,-101,32,12,23,63,-27,-5,9,50,50,-29,-7,41,-28,79,-106,82,8,-67,64,16,-47,-11,1,-47,89,-37,-18,-7,-25,-9,12,18,-69,-15,11,-44,-3,59,80,51,-80,-5,-10,23,-122,16,-46,16,-11,-19,-39,26,45,9,48,-36
-72,-60,-7,43,59,-75,75,19,-18,71,-2,29,15,-1,-4,-90,10,75,-37,38,71,-3,56,-27,7,-59,64,-46,22,-40,-38,-20,-9,58,-56,-63,28,-45,23,-47,43,100,9,-41,-26,84,66,87,8,-67,-22,-12,12,29,-35,-66,53,96,-25,61,-60,51,-21,50,81,54,60,11,-98,38,-81,-7,-84,-10,37,9,-58,12,-44,57,-17,-4,-25,-31
-59,-37,43,55,45,30,44,58,-60,12,-16,-108,38,63,24,55,64,-59,-32,27,13,-37,2,26,41,56,-25,-46,-14,30,12,6,-25,-23,-77,53,11,-13,-90,-80,46,2,42,-13,-58,-14,38,-75,-56,-75,20,10,-48,41,25,2,-70,-42,80,-26,16,44,-25,86,-73,53,36,32,-36,-49,2,52,25,-61,49,-32,34,15,17,61,9,-49,-3,15
8,99,-83,-92,45,18,-19,17,-43,7,86,2,11,51,-41,7,-63,23,116,-31,4,122,-109,-3,120,-43,-19,45,34,42,5,40,-4,48,-1,-15,44,42,-33,-82,117,-63,-20,-91,8,-73,-53,28,57,59,122,-123,-63,106,-8,3,81,126,-10,119,39,-72,-30,34,26,-61,2,67,116,68,-91,33,-8,112,-10,-115,14,71,-9,-26,-13,122,84,78
34,42,-14,-84,88,12,-115,28,-62,-11,-6,-9,-26,-56,8,38,-18,-27,16,-15,26,24,-47,-71,5,-118,-50,27,4,46,72,6,-71,7,95,9,77,33,20,-34,62,-111,96,1,19,-82,15,-60,116,-64,62,-87,-37,-7,62,20,-70,10,95,48,-56,44,80,29,-27,-102,-14,33,67,85,-49,108,33,115,-61,-57,30,102,93,-48,106,91,123,60
48,75,76,-42,-59,76,-28,-73,35,-19,34,-30,-18,62,21,105,30,27,50,13,50,47,-70,10,-8,-77,62,96,59,90,14,-85,70,57,95,4,54,118,-10,45,23,-30,124,21,69,42,-75,94,-121,3,29,6,-49,-9,45,50,9,-67,81,8,76,-32,33,-31,108,-67,-55,72,86,-80,-34,-32,27,74,-68,4,16,13,41,40,-98,47,-27,-31
-12,-18,-33,-51,-60,9,13,-1,20,-48,62,-2,-15,11,-42,19,-45,18,7,-34,36,-59,7,-67,-27,-30,-47,-76,36,59,-7,55,-35,-10,32,21,-30,-12,53,-57,-16,-60,-75,-27,63,-74,-17,33,-3,8,-12,-37,-68,-33,74,44,-68,23,-14,0,-74,-45,27,-23,-69,-14,77,40,-73,20,-9,39,6,-30,11,-17,29,-57,-35,16,20,25,7,-3
36,-1,74,-47,-51,-105,-55,-30,47,-48,-25,14,18,25,-44,23,87,46,88,37,-60,38,75,-12,-20,82,-27,52,22,-11,-23,-37,-19,-55,17,-29,-10,-19,5,-29,-48,-38,21,-20,-2,-11,27,-39,10,113,4,40,-5,5,-9,-47,-24,12,5,30,-2,-67,18,-64,-19,-4,-30,-67,52,25,8,-75,-4,29,-10,52,-43,68,39,-48,-73,25,-10,-53
-5,-73,-4,-48,54,-75,-90,6,-7,-60,-51,-17,8,5,34,43,-20,-2,52,2,-85,10,48,-7,-10,114,-42,15,-13,-75,-26,-57,42,-55,-56,-66,-37,22,-43,23,-29,11,7,-26,39,-18,51,-28,-51,45,27,-10,51,-54,50,60,-1,-39,52,-36,94,-29,48,-51,-14,-16,-80,-9,-46,-60,3,32,-39,-49,-26,9,30,-27,34,98,7,49,9,-38
-53,-30,75,-43,-87,-60,-35,-45,78,27,4,-46,34,-2,28,-2,48,-61,49,17,35,3,-17,11,-12,-40,-45,-104,32,71,-55,-54,-55,-55,46,64,-11,-61,32,-16,-94,-62,-49,90,23,30,10,-1,-59,-6,30,29,3,15,-80,12,-3,37,113,5,18,48,45,1,-8,49,22,-55,-89,22,42,-32,-42,-29,-40,21,1,-53,-25,-33,-54,8,69,-15
24,43,6,42,18,-80,4,-38,-7,72,-39,12,35,-56,-57,-42,66,-4,6,24,82,-46,51,-80,-31,40,-9,9,-47,-90,11,19,43,-71,-27,118,-59,-55,3,-37,-30,11,26,33,27,70,48,22,4,53,19,14,14,-61,-48,-33,-27,-66,29,-38,-68,-53,-25,33,-16,2,50,-76,-75,-46,8,7,61,-7,-35,-16,-43,49,60,-52,68,-10,-91,8
-58,-52,1,-14,63,-96,-28,-45,-17,38,50,-85,-80,-4,-33,23,-29,-17,61,44,17,38,52,19,-5,9,-22,-17,-30,-23,-27,36,-46,-75,-66,16,84,-83,-11,-33,-7,-46,-53,19,-32,-48,65,-69,54,-46,54,-50,-40,-2,-23,31,-57,47,77,-13,52,9,-73,50,-5,20,-58,16,-52,-16,-16,-42,-61,38,-13,-73,-21,-48,15,-53,23,5,59,-27
-114,-54,100,60,22,38,-35,-39,22,49,-17,-88,-83,-18,-34,-3,38,-33,-27,17,21,-30,-16,-125,17,-44,58,-113,-54,-13,11,64,-20,16,44,101,59,-5,18,59,-58,-16,35,-49,68,-37,1,51,-88,23,40,0,-62,-29,-95,-71,79,-10,115,-39,-14,63,18,-6,11,14,32,-57,-64,-45,70,-30,57,-52,1,-63,-102,55,25,-44,-4,-37,42,59
27,24,-28,-54,-13,-78,-7,-58,-76,-52,-2,80,75,-82,-53,-97,8,86,-15,-41,-13,75,-29,63,31,76,-28,69,37,-16,-32,-60,38,-14,23,-56,9,-14,79,57,38,10,-15,13,-2,-25,23,58,-32,20,-14,43,-46,24,-7,-46,64,52,-51,74,18,-27,-59,-68,47,4,-21,-32,14,58,-39,0,-31,44,21,2,-53,43,-26,-29,-90,-1,-55,-33
-58,-18,29,31,55,-11,-17,-3,9,52,-50,-31,32,-45,-46,7,7,-52,40,53,15,69,-75,-13,-15,-71,-12,-44,28,-16,23,41,29,36,32,-33,32,1,45,-7,0,-65,-52,-5,1,-77,-65,-68,28,55,38,-49,-37,15,-1,13,1,22,-39,15,-15,-57,-1,12,17,40,-18,-31,-39,-16,-73,-14,-58,52,-7,-37,45,43,-22,-43,76,29,64,26
67,-25,-73,-51,-28,0,-45,-13,-32,-51,85,71,-37,-52,46,-18,-14,51,-13,-43,-11,40,22,53,-42,6,-88,-5,7,20,45,31,-36,6,15,-16,-8,-42,-8,-37,-1,-40,-3,-29,-32,43,31,80,19,28,56,-19,-34,-1,95,17,-8,23,42,1,19,-18,-28,51,32,-93,-45,19,70,69,38,81,53,110,-45,17,23,41,29,18,-22,63,56,75
-74,-37,50,19,19,-54,-43,40,-31,3,45,-67,-6,10,126,49,57,13,-33,-62,-13,11,27,16,-17,81,-106,-112,-66,-54,107,-71,-60,13,9,-35,12,-65,-82,1,-46,20,102,-13,-52,65,86,15,85,18,6,10,-57,-40,-12,-11,-8,1,125,17,74,125,-5,42,-8,-46,-94,-106,-73,47,96,58,-19,44,-64,66,-11,3,80,79,37,34,-8,15
39,38,-49,-67,-12,21,-57,-23,77,-27,50,25,-48,-28,-9,-38,42,12,41,-23,-85,31,30,52,-22,64,3,5,17,10,-23,50,-42,-18,-33,70,8,-72,-47,-62,16,-70,-12,-73,-13,-60,69,-62,-31,-29,53,2,-15,-16,9,-7,19,37,-83,-11,27,16,-33,26,-53,5,-53,35,14,21,-26,-26,-19,-11,-14,-53,26,-26,24,-97,-45,54,-13,-34
29,24,-39,0,41,72,-4,2,67,62,-48,48,45,-10,-39,-13,-43,-41,-10,28,-6,10,13,73,-29,-54,-46,-34,-25,-63,-17,9,-3,20,37,-62,29,25,-16,-32,38,-41,51,-22,-3,-75,-6,-51,-42,3,29,18,6,-6,-26,90,32,-1,-66,2,1,-81,35,15,-36,6,-30,13,-42,-2,41,9,-13,-4,17,4,95,-33,41,-34,85,31,67,-37
-26,69,73,-79,-50,-115,-17,30,30,-80,8,-62,35,64,-18,63,123,13,102,32,-2,-46,-35,51,22,23,85,115,4,75,-77,-95,7,65,15,52,-14,-1,56,32,71,-27,85,17,-81,25,8,38,-49,121,5,-1,-35,12,-43,-6,75,20,8,19,18,62,-36,7,113,-12,-87,-17,106,-25,93,2,97,74,18,-34,14,126,-38,3,-68,-21,-35,-67
-59,4,72,-24,0,-46,28,-92,23,64,-111,8,-109,-34,-84,-33,55,-103,27,58,-22,0,127,-96,-47,-10,-39,-7,-17,-80,17,16,44,-92,-9,71,-12,-20,-20,52,-6,26,-73,73,30,71,121,-74,-62,80,-50,89,102,-64,11,-103,45,-20,-96,-36,-69,-60,-68,-9,-37,63,-44,-127,-91,-32,90,-91,11,40,14,-21,-45,-31,16,-61,-61,-9,-90,-85
45,-46,-15,30,-68,39,30,-45,45,41,13,52,24,-13,-32,-37,-72,50,-75,-50,16,-27,-47,56,-17,24,2,22,6,65,-58,-28,-13,0,-2,-82,-2,18,-2,46,-26,54,-89,-77,35,31,-7,2,-16,-18,-32,57,25,22,75,57,-61,-36,-3,-50,27,20,-1,7,-56,-2,-27,51,-46,-23,-51,-44,-8,-60,37,40,30,-45,-47,-53,-31,-14,11,-29
59,70,-40,16,-10,-5,-57,-66,46,34,-38,40,-56,-68,-69,-8,-37,-40,-20,20,29,24,-59,58,56,50,64,78,1,28,-41,-25,121,-15,16,10,13,88,92,39,7,-9,-63,20,-44,-79,-64,-51,-71,-17,43,-64,122,-1,-45,21,33,-64,-126,-33,40,-30,51,-84,40,27,-5,-42,31,-35,26,-7,90,-32,32,-10,15,19,59,-79,40,22,-10,-113
67,-55,-63,47,53,36,-11,51,-55,23,-55,55,13,-51,-8,-78,-1,64,10,-20,31,33,-28,-10,-27,52,-32,30,16,3,50,-14,-3,17,82,-21,45,-19,-40,34,-37,32,45,-83,42,47,27,86,70,-90,-52,12,31,-7,55,-60,-55,-29,-3,-7,-67,-25,53,48,-44,5,-20,-23,14,39,-77,54,5,28,23,28,-64,-23,-2,32,-41,-28,-76,-35
12,11,18,-62,-113,-48,-5,5,-66,-51,76,-15,52,-27,42,24,51,4,37,31,-95,-20,52,45,-36,122,-23,-28,28,52,27,-17,-43,-8,39,-105,-64,-12,-124,16,-35,72,81,-18,-27,55,55,53,51,16,-15,90,-44,-37,17,-55,-78,-49,12,-14,60,24,-41,-38,-17,-76,-91,-66,95,-2,107,9,18,-55,9,60,32,35,-29,42,-67,-19,4,-29
-26,26,-69,15,67,-30,-36,37,27,0,16,-52,-4,8,21,42,-16,-34,12,18,-11,41,-38,38,31,5,53,-32,52,-6,30,-5,-8,13,-46,-49,20,8,-43,-31,54,-38,-7,19,2,-68,-51,8,62,15,-19,-62,-59,19,24,54,56,21,9,12,41,-11,17,-2,47,-18,-26,71,-38,-6,20,-40,-23,-20,46,25,94,-14,-45,30,-20,39,65,12
9,69,-33,3,71,22,-56,-44,101,-61,16,26,15,-46,-1,-45,6,-27,101,-57,-13,-28,-74,-102,53,15,-51,20,-72,-71,-73,7,-61,-31,-24,85,19,-76,10,-1,69,-118,-55,22,-26,-110,60,-40,46,41,45,35,-23,-7,-70,-63,-34,32,-74,14,23,-47,-60,85,-95,-15,-7,33,41,-9,-81,-3,42,32,13,-112,-62,-29,31,-70,66,29,53,-14
75,40,-98,-1,20,87,-6,21,26,59,-91,44,6,29,-32,-34,-108,-13,-125,-39,-8,-60,-40,37,-9,89,27,63,2,-90,15,17,89,39,-41,-71,-57,32,-36,56,81,-39,-24,74,-49,-80,-81,-106,74,-29,-45,-44,34,-11,69,72,-64,-81,-121,-6,44,-43,-47,45,-101,30,5,56,32,-6,-11,21,36,-24,-20,18,108,-97,78,-22,-14,25,-34,-77
-64,-17,-11,74,23,-33,-5,75,1,-31,67,-59,27,10,44,-31,63,33,34,52,82,-5,91,-104,-12,-44,11,-74,-52,-62,56,4,-79,38,-51,46,-35,-32,-83,-13,34,58,-44,-14,10,3,78,-38,11,7,-18,-5,22,30,-58,-76,1,32,4,35,-80,50,-43,60,-17,13,9,-6,-32,31,-61,33,30,-61,19,14,-115,-11,-16,47,34,-59,-82,48
5,39,4,-50,54,-15,-84,-77,37,-81,-58,-53,6,-35,-38,117,46,-89,68,11,-17,12,-3,-7,22,53,19,101,-58,-30,-86,-84,81,-38,-49,84,53,18,5,-5,41,-67,58,40,0,-104,12,-111,-98,57,88,-13,-6,-5,-54,37,65,8,-80,-15,119,-58,10,-63,25,20,-81,19,-44,-80,2,-67,79,87,-20,-35,23,10,23,-36,-5,74,77,-85
9,-52,68,32,2,-16,-24,-46,-12,61,-71,-8,-42,-66,11,-14,-6,-34,-61,-42,81,77,63,-27,4,-23,-10,46,-37,-70,40,-61,-6,-13,17,20,70,20,-1,97,-45,42,58,-12,40,18,-4,64,-24,-18,-19,-53,0,-66,-21,10,-1,-59,109,27,73,-5,33,-27,88,-67,-60,64,11,-29,-26,10,-9,-2,-77,-49,-58,53,30,5,-15,66,-30,-61
-16,13,-45,52,56,99,-3,11,-31,-25,-21,10,70,-9,28,-30,-48,27,-26,21,-28,32,-29,-33,28,-8,-4,-47,-8,-23,-10,35,22,15,88,-66,-61,59,-47,-29,23,-9,65,34,-9,46,-17,55,44,-13,-25,-57,-9,36,-38,-4,0,15,93,19,-13,73,63,26,39,-44,66,-1,10,3,-38,-1,-62,22,-42,-29,-43,-1,-43,51,-66,-25,-54,65
-8,-24,43,29,40,0,-114,-51,26,-82,-62,-4,-90,-14,82,-29,-10,26,78,-119,-25,76,-16,34,-65,-7,-91,-25,36,-84,39,18,-35,-76,71,31,40,22,-52,-24,-21,56,-40,23,36,61,81,33,-11,-16,-11,-17,-24,-123,110,-20,-66,-84,81,9,17,-14,51,-27,-32,-122,-74,-51,56,70,70,42,-80,99,-121,-26,-62,36,56,105,-109,99,20,1
63,27,49,17,25,63,-71,37,-9,28,10,-25,32,32,29,70,22,-27,-84,-2,-9,28,-38,52,24,28,18,114,-37,-12,13,13,49,80,-53,11,-38,58,32,21,57,-15,97,-53,-75,14,-79,-56,24,-10,64,-36,21,19,-17,80,7,-18,-62,-9,87,84,-34,38,-48,-33,-56,-1,115,-25,15,61,97,-4,8,-5,45,5,69,-15,0,15,7,-17
-2,-67,-20,-19,-11,0,60,46,-22,9,-42,33,-43,69,55,-43,-66,8,9,10,-71,-72,-41,44,-21,-49,-52,-58,38,58,20,-27,-53,56,45,-17,-25,-2,-76,-40,6,-43,64,-27,62,25,-18,56,69,2,-49,34,38,-19,38,39,-101,-4,-6,-67,21,-8,-16,25,-28,-32,41,45,-65,9,-21,19,12,-83,-17,31,64,-60,10,-27,-16,-54,-22,29
32,100,16,-54,-30,-18,3,50,65,22,-47,-5,43,60,35,55,67,-61,-59,-17,0,-96,-49,-13,24,61,24,1,-30,-7,34,-22,52,58,-13,95,-79,10,47,-29,38,-33,58,12,-21,-41,-41,-109,6,-61,-7,3,15,-6,-69,33,-71,-27,-110,-7,-44,105,-8,87,-30,29,69,38,14,2,-89,2,93,36,29,30,2,-42,71,-28,41,-62,-46,45
-11,-51,-56,21,52,-12,23,16,-31,60,11,23,12,56,-28,-44,28,45,58,-10,-20,38,-21,1,37,-45,48,21,-19,-5,46,-38,25,57,-25,-32,-33,5,-19,46,-23,34,-19,13,-38,-4,-2,21,47,38,-12,-24,-45,-23,54,33,74,-16,-3,16,-45,-6,-3,-39,21,-30,-4,-10,64,-20,34,34,-35,-23,-32,-59,8,36,14,-54,72,17,13,-61
-48,-48,3,64,38,11,-23,-23,-70,14,-29,61,-25,-99,-17,-121,14,76,25,-63,42,124,93,-101,72,11,-73,-12,-21,-26,-5,33,-90,-70,-76,-18,-37,-65,8,-65,37,73,-11,69,-65,-15,103,-33,52,20,44,-55,-32,22,72,-106,64,74,45,105,22,-81,-83,16,47,33,-10,-28,-54,124,-101,15,-115,-10,-29,-15,-94,10,-39,3,39,2,-23,20
40,10,-27,-2,-39,28,41,9,-40,21,-25,-29,4,57,-21,-8,23,-3,-59,-4,-84,32,63,23,-36,63,42,-11,-23,-44,-48,-37,-14,-2,18,-18,-34,-21,-72,25,-18,35,-13,-23,-48,41,43,35,59,-64,27,10,-10,6,23,-17,43,-32,-10,-51,63,-47,4,-34,39,13,-21,-35,-46,8,-18,23,-6,21,44,-9,79,-57,-18,-19,-28,-27,-36,-82
78,-20,-59,-49,3,40,-24,-4,-24,-8,-19,66,-9,-22,-5,-23,-69,96,32,24,26,110,49,-32,50,22,-25,66,44,15,42,16,8,14,43,-96,-45,55,23,5,26,79,30,10,-56,26,40,45,71,51,3,-8,-25,16,38,-78,4,-2,30,106,-71,-49,-55,-4,95,-60,-13,-21,57,49,-26,-16,-81,56,-28,29,-18,96,-2,-18,-93,52,-4,-89
-53,51,23,-40,-23,19,-72,53,-19,-50,53,-45,-11,-5,44,84,15,18,-57,-19,36,-55,-60,10,21,14,-39,-92,2,-5,24,0,-58,6,31,85,73,-26,20,-31,7,-77,99,-22,-4,-60,-11,-57,-36,-52,-1,-16,-19,-16,40,27,-17,-28,66,-56,66,-30,16,59,-97,-1,34,-36,-9,-32,63,23,29,24,-48,-20,41,6,84,54,-15,6,35,103
-25,74,-26,53,-27,103,19,-25,-40,-42,17,16,21,55,19,19,33,49,-69,49,-10,-47,-8,-15,-12,-82,70,28,-29,102,-12,25,30,32,72,50,68,38,45,49,-30,38,76,1,54,-22,-77,16,-49,25,49,-39,1,35,-55,48,2,-24,71,-27,58,3,41,1,83,10,10,21,6,-62,-23,50,48,-29,-1,-43,-43,30,-39,66,41,5,-62,88
31,24,-72,-81,25,-3,-2,-67,29,-77,-66,23,5,75,-58,-55,-61,57,3,-4,-60,-21,15,-11,9,-48,-40,-87,-5,76,-70,11,-54,-50,-41,-50,7,-13,-39,3,-13,-61,-60,-7,79,-65,11,13,27,-15,12,50,-56,-13,50,51,-10,75,50,-24,42,-48,-13,52,-38,-4,-12,24,31,3,2,-47,-70,-10,9,60,-17,-66,-48,-63,49,7,100,66
-15,-22,39,-63,25,9,-28,-62,16,-63,-64,10,-32,27,-3,12,8,22,24,25,-49,14,60,-20,8,61,22,22,-65,-1,-57,-64,5,-65,-63,64,51,-42,44,-21,-21,-42,44,-46,-42,59,43,22,-50,90,24,44,45,-9,-35,-23,-35,-30,10,9,-14,-10,15,-6,10,31,-65,-84,1,28,124,-6,14,-46,-19,38,-45,18,49,-45,-69,-10,-12,-92
2,64,63,-4,19,-49,10,26,-58,22,-56,-61,-18,-92,31,23,37,-81,-69,54,41,-61,29,-41,-13,95,14,78,-58,13,20,-21,20,21,11,7,-31,2,56,65,52,45,11,-30,-59,62,-5,-32,-98,0,49,31,95,5,1,-19,-27,-79,-61,14,29,40,29,-47,-39,48,17,-44,34,-66,36,23,77,-43,31,-24,13,62,53,27,17,-55,-85,-80
38,-3,37,5,-88,-95,9,7,-65,43,-22,60,0,19,-2,34,66,39,86,59,2,53,-10,6,2,88,49,65,-19,48,-31,7,-6,37,-26,-74,-10,54,-39,-9,-32,6,36,32,-50,71,32,60,27,122,-31,45,-32,-14,77,-53,-1,-7,-67,8,-62,16,-29,-69,64,-41,-61,11,42,51,-11,-15,2,42,14,49,-62,84,-10,48,-31,-42,-71,-11
-13,1,2,41,-48,29,33,58,-63,3,-20,-63,-57,22,37,57,12,14,-30,75,79,-61,6,26,-2,-32,71,-3,-34,31,30,-7,-18,86,67,69,18,58,-7,-2,-58,18,116,-4,-12,-24,-89,6,-104,-76,15,-21,-7,17,-65,-22,31,43,85,-2,-22,72,80,21,69,28,40,21,29,-8,30,49,43,-32,37,12,-27,51,-24,37,-18,-18,25,98
-6,-1,-37,74,13,34,-5,-19,-79,28,-9,38,19,9,41,-20,-87,-59,-93,-64,12,68,7,-33,33,45,-91,-60,22,-64,2,63,-52,-8,-24,-57,-26,-36,13,-68,35,81,43,-52,-24,45,6,26,72,-37,-3,-64,-12,-28,32,-68,-46,0,-13,33,-7,-36,-40,-7,-21,-49,35,28,-49,4,-99,98,-50,42,-54,34,39,-35,5,-10,33,42,-10,-26
39,49,7,-13,-25,-44,-20,-12,-88,49,33,-20,88,-26,75,-6,73,37,-64,-44,72,-36,35,8,-5,-10,-43,4,-8,-29,20,-58,-16,61,49,49,-38,52,-64,46,-5,14,49,-39,-54,65,-46,-1,-56,24,24,-19,-43,-75,45,-72,-30,-54,77,65,-35,81,87,-23,36,-118,-51,31,102,46,36,39,20,19,-86,45,-20,92,68,33,-82,41,23,-40
58,-99,33,54,-10,29,-7,-1,89,5,-120,-1,2,-33,-19,-47,-83,32,48,-48,33,-14,43,90,-60,46,44,-31,-16,-41,-12,9,64,-55,-18,16,-59,15,7,79,-82,65,-1,16,75,2,61,7,15,20,-26,3,25,-8,2,62,-42,-46,-71,-47,20,-47,17,-54,36,0,1,27,-91,-20,11,-75,-98,-54,-25,48,33,-8,-18,49,-85,28,-9,-17
-6,36,59,22,-64,-38,62,67,-97,-40,27,-46,87,15,16,-33,81,98,42,89,-24,15,58,85,11,70,-15,72,-2,-29,15,-11,0,55,-68,-94,-92,-15,-81,-38,50,83,46,15,-52,55,-14,-68,20,110,-35,-3,-60,8,-20,-4,-11,-27,-17,33,52,35,-26,-30,62,29,-81,-92,-10,54,77,-23,52,-12,81,79,33,29,-29,-12,-3,-44,-88,-95
-31,-54,-11,-33,-15,51,-51,28,32,19,-44,-42,-96,66,6,15,18,-122,-5,-31,-87,-106,-5,37,-22,66,-58,-79,-39,-65,3,-38,-4,-45,26,38,54,-92,-49,41,-57,-70,2,84,11,-30,94,-27,30,-121,-17,27,-20,-53,-30,15,-54,-87,55,-102,58,0,-34,6,-121,35,-11,-68,23,-98,111,-46,1,-99,23,87,28,-106,10,-37,31,-38,-27,-19
-28,35,84,-22,-103,-72,23,15,56,52,49,57,45,-2,-11,25,120,-26,54,70,54,-81,-90,-51,-13,3,21,-26,16,27,38,27,-23,19,-24,69,-71,-40,-9,-14,-39,-14,-48,-66,50,56,-26,20,-83,47,50,68,13,-68,9,-60,-37,-18,-52,-20,-95,-4,44,76,-58,-38,80,7,22,-42,-75,15,105,54,29,-52,-59,55,25,-77,-25,-39,-40,110
17,-40,35,-16,16,-9,91,20,7,34,87,91,17,-64,31,-92,-25,68,-26,-19,49,-54,34,-13,-17,43,-11,7,15,17,-21,-37,-15,38,31,-84,-88,-7,-27,-6,-27,15,-55,62,-31,52,36,31,61,27,-41,25,-33,38,-26,-3,18,-17,-65,-18,-62,71,-25,24,-21,-8,-18,14,2,-14,36,-10,-4,26,41,-3,-37,6,-72,-5,-4,-43,-89,50
-31,-45,23,7,-38,-12,6,-6,65,-6,-33,-83,-17,70,16,76,13,-6,-82,44,-79,22,-62,68,12,12,37,-73,42,80,47,-5,-24,49,1,-56,3,50,-60,31,-67,-42,49,31,51,23,26,46,54,-73,-18,-33,-61,-30,62,40,10,7,85,-23,84,23,76,-37,-33,-7,-19,38,-5,4,92,-7,-52,23,-16,14,45,-87,-36,5,-39,6,43,80
-33,50,33,-48,14,-8,-19,-15,53,0,-46,-45,-48,35,-49,37,29,-32,-64,-14,-31,32,-66,27,24,-64,72,-18,17,19,-55,24,66,35,49,58,-32,0,-42,34,19,-19,-57,-47,39,-12,-20,-8,-64,-38,-45,0,65,2,-53,90,-34,-32,-63,-30,-25,-49,43,-54,-60,79,0,-36,28,-46,-10,-56,-28,-22,27,-12,21,-55,-28,21,-8,2,26,-22
-124,-36,35,-10,89,-49,-24,64,1,-4,23,-124,-62,74,2,113,-2,-103,24,-13,85,-26,41,-47,36,-51,-8,-96,-120,-91,-29,63,-44,47,-120,-49,71,-62,-69,-12,71,1,-7,36,-57,44,-14,-90,-2,-90,26,-81,-47,84,-28,14,85,79,43,-40,53,29,-25,102,-18,80,38,-68,-38,5,-72,0,10,-65,12,-37,-25,-39,16,81,5,-55,42,45
-15,114,-31,-28,36,-56,-18,-21,73,-53,-11,-31,53,37,-26,90,-2,1,89,35,-14,-29,-23,0,62,10,54,-3,9,55,-14,16,4,-6,-104,-24,-42,-29,5,-79,3,-102,-83,23,-30,-106,-71,-114,5,-20,64,14,-90,49,-36,-15,38,67,-110,14,-24,-13,-66,71,-28,58,68,24,-48,-37,-27,6,87,6,76,-54,12,57,-35,-102,-19,-40,-16,-12
7,-13,-68,-20,17,-32,59,57,-58,-11,-16,-25,37,54,-23,-47,5,-28,-23,18,40,-40,12,-6,-16,-61,50,-45,48,26,-19,26,27,29,27,-45,8,57,-46,-32,26,62,65,79,17,28,-50,80,-3,-70,-23,34,-57,26,72,-48,-7,41,22,16,8,-39,-3,19,36,-32,-15,29,-49,31,-76,-7,-14,-17,34,39,14,-2,1,-27,-62,26,-7,88
33,25,-41,-19,-43,-4,-60,-32,32,10,-37,59,-36,3,-58,-53,-33,-86,-79,10,11,-48,-29,-8,-5,-75,-49,-9,19,-9,18,73,-43,-63,55,61,12,-35,64,-54,-42,-74,12,68,80,-19,-47,29,61,-62,-17,26,7,-65,23,0,-87,-45,34,-15,-16,44,54,55,-34,-35,-16,54,-48,10,-79,-11,-12,-32,-37,-53,40,-42,22,-46,71,51,63,35
-58,35,64,20,23,80,-36,42,63,54,-60,-87,6,29,32,80,7,-63,-10,53,-46,3,-1,-12,-35,-63,19,-70,-18,-4,60,-63,-22,49,-32,-5,50,-22,44,28,32,-35,117,31,20,17,-63,18,-57,-31,-5,5,45,43,-65,85,56,10,97,-75,22,71,14,2,-12,60,58,-22,44,-31,85,23,-22,-53,-15,-35,50,-74,-4,55,21,-11,47,-22
40,-25,-25,46,62,24,42,93,-92,-27,27,-69,-29,-53,56,3,20,66,-40,9,3,-40,3,18,32,44,-49,27,-26,-36,68,-4,-20,62,-13,-91,40,-45,-62,8,52,48,22,-97,-58,87,33,-20,3,-62,-31,17,46,41,55,-57,31,17,19,33,4,34,-10,44,-43,25,8,-30,-30,47,-21,66,-13,39,23,54,6,-31,8,11,-15,-17,-14,-56
-1,5,-54,27,77,95,-28,24,-1,85,78,19,73,2,-8,10,23,19,-82,27,116,-50,-110,-81,0,-118,71,-92,51,-24,47,101,-20,37,77,63,73,53,39,-44,63,-70,30,-71,52,-59,-88,65,26,-80,31,2,57,-4,-85,47,73,-37,40,19,-44,13,22,86,-41,35,126,53,47,-48,-22,65,-9,19,-45,-18,-34,-37,15,-55,112,9,-34,70
56,13,-47,-75,18,-9,8,9,38,-1,25,64,-31,62,19,12,-57,22,41,35,-75,23,-27,94,-39,32,63,23,50,58,-7,-62,-10,57,58,-46,-36,7,-60,-22,-52,19,9,-50,50,14,29,91,50,65,-42,21,-78,15,-19,90,33,16,-22,-13,-27,-57,-50,4,31,0,18,-12,24,2,-6,-65,-86,-24,3,75,33,-43,-88,-10,27,19,-26,-13
55,55,-125,-43,82,-21,-41,11,-2,-65,38,66,12,60,-40,-14,-99,-19,39,-83,-101,41,-8,102,45,90,22,38,16,-19,-31,-7,23,-62,-16,-62,7,-36,41,-31,-5,-10,-72,30,38,-121,-5,-27,73,23,-34,-20,-17,66,26,91,-2,65,-98,-16,-35,5,-19,11,-34,-18,26,9,85,12,-15,-43,-49,-21,39,-65,92,-52,19,-106,95,22,2,-56
24,70,-17,-91,20,-90,-27,-33,15,-77,90,38,-40,40,-25,5,80,21,30,-8,-20,-40,8,58,37,2,-22,53,28,50,-60,42,-46,-23,-76,28,-52,-16,-77,-82,33,-72,-21,15,-11,-51,64,-49,-8,75,36,54,-104,-7,25,-43,-55,14,-47,-18,41,63,-86,36,10,-3,-30,-32,-28,36,16,-68,-9,54,39,-61,34,57,-14,-18,-17,49,75,-23
-7,-51,-48,9,-12,15,-34,8,-57,60,14,-65,-60,-50,-9,76,-43,34,-35,-47,66,20,10,48,57,24,-14,-36,-34,-51,-8,-29,-24,24,-40,-83,55,-6,5,-49,43,8,57,23,-73,-46,-32,-13,-37,52,-20,-61,45,87,-18,37,98,38,33,28,60,22,10,30,1,15,37,-20,-74,40,54,4,-48,-43,12,-51,70,31,-21,48,-23,32,30,-55
8,22,45,-40,-35,37,7,-55,-19,-38,86,7,-52,76,-29,77,81,0,26,66,-59,-43,-47,-50,-4,11,10,32,15,15,40,-46,44,22,-28,11,0,-21,24,-47,-47,-69,76,22,-9,13,-20,39,-66,-12,28,65,-61,-39,28,-52,25,-6,18,27,19,36,47,11,22,-10,-44,2,71,-50,93,-47,80,13,20,-14,-62,-2,-33,11,-28,-4,14,38
36,73,28,-47,-84,-38,35,15,-3,-11,77,27,52,15,81,19,89,46,48,35,-53,-85,-64,35,19,50,1,4,47,88,-34,-27,-47,87,-5,-86,-110,-64,-13,-99,-36,-59,-11,33,-5,-24,-23,-28,49,-39,-22,26,-45,36,25,-49,-59,6,19,-2,-77,100,-78,69,0,-2,10,12,44,10,-21,8,32,-40,41,34,-27,40,-8,8,-6,-46,-3,10
24,30,13,41,51,-9,18,-14,-10,1,63,52,20,-76,-5,-78,70,55,-39,-29,67,-9,-37,-38,-3,-3,67,41,40,-14,17,-27,15,-27,21,77,-78,2,14,45,42,37,-14,-22,8,2,17,71,-37,31,-2,-15,-52,31,3,-30,13,-4,-7,23,-96,8,-49,-27,48,-1,15,-45,-13,24,-92,19,25,-46,-18,22,-51,93,-14,-9,-31,-18,-67,-48
23,17,-21,-94,-52,50,-9,7,68,19,-66,7,-114,80,3,-13,-64,-17,16,30,-105,-118,9,75,-32,97,-62,-13,41,42,-39,-30,32,-50,-62,16,-12,-68,-80,-62,-35,-125,-7,0,3,-102,-26,-54,-18,-32,-21,-1,24,-39,62,108,-104,-48,-80,-49,-39,-42,-20,80,-104,16,10,58,66,-11,71,-66,52,11,39,72,105,-87,43,-126,-26,0,43,-14
-47,44,6,63,-66,106,123,33,-1,-23,81,27,66,12,-43,51,96,8,24,109,-20,-12,-62,-29,10,-111,126,5,14,70,-51,36,20,124,-8,46,-21,3,73,-5,40,-30,49,-72,43,36,-41,89,-18,-28,-52,24,41,87,-77,72,40,60,50,7,-24,42,-32,-20,58,47,25,71,-50,-45,18,-18,14,-25,15,-14,5,45,-57,-52,77,-82,-33,63
41,103,-44,41,58,14,18,54,-42,-38,38,-41,-1,35,39,48,-45,18,68,55,-28,15,69,34,41,109,14,63,-31,-26,0,-35,71,-24,-57,-52,-50,6,44,7,95,46,31,35,-123,-34,7,-114,57,68,33,6,74,81,-51,-32,63,48,-89,51,80,29,-98,-41,-12,53,-69,-4,18,35,-74,2,60,14,71,-88,29,-31,11,-16,-23,-29,-63,-88
-33,69,-25,53,-38,-91,-21,-5,-7,-35,-30,24,-12,-93,36,-61,73,72,106,4,42,44,-8,-106,0,-26,-52,60,9,-54,-62,49,-72,19,-53,58,41,-7,-47,-65,86,49,-24,-94,-78,4,65,-38,96,-9,56,-21,-80,21,44,-123,26,-9,12,85,-76,10,-56,70,-16,-15,-50,-44,8,86,29,36,41,103,-32,13,-20,54,36,-48,-41,-11,-29,58
-38,8,27,30,-43,-50,6,-27,-57,51,19,-1,21,-46,-27,45,17,20,36,64,5,51,-17,33,9,-63,44,61,13,-20,-11,11,36,57,-29,4,-54,61,5,26,43,-21,-43,-42,1,36,-28,20,5,17,-20,-17,62,-4,-24,54,54,52,-17,15,-38,48,-4,-19,8,-4,41,-21,64,26,49,24,-55,40,-1,21,-27,-12,-42,35,27,14,-40,30
16,15,16,9,7,13,-3,-31,-3,-40,-44,-1,-19,-2,-10,-26,-49,-76,-28,-65,-49,-29,-58,-61,-30,-64,35,2,-14,-6,-14,43,12,-51,-16,68,36,-23,-22,27,-24,-49,-10,7,43,-60,-4,-33,-23,25,-19,-47,-24,-5,-22,26,-31,-20,2,-9,29,-65,12,26,-42,-9,14,-38,-39,-36,-3,-16,-27,-9,-40,24,-50,4,-11,-28,31,-4,68,-51
-40,29,-47,29,32,31,64,17,40,5,-1,102,-56,39,-52,3,54,72,37,-60,-53,4,-65,-9,51,-93,44,-30,-1,-20,-16,84,-61,39,-1,-42,-85,18,38,-92,-19,-46,-90,18,-15,-19,43,23,11,-44,-24,13,-73,24,-12,-3,-17,29,-59,-16,-87,30,-27,53,-25,-3,93,52,19,1,-74,-17,10,62,52,-16,-76,71,-28,-19,100,23,17,34
87,-2,-55,76,8,1,42,56,-55,80,-31,89,29,-30,-65,-126,-53,17,13,-16,62,-56,28,1,-4,-13,-2,104,16,11,37,18,57,47,62,51,-40,53,53,-41,-27,38,-77,34,-21,9,-20,-54,-32,22,-69,-19,46,-36,59,-66,1,-21,-115,1,-69,-35,-40,-1,-37,24,15,-55,60,-30,-42,19,70,-61,20,76,8,-15,-23,29,-30,-65,-119,-73
48,-13,-47,-41,-65,92,-21,-51,42,-25,-19,37,40,46,-103,-7,-74,86,44,-20,-9,61,-100,46,33,-1,-17,50,58,-6,-82,38,42,-48,31,-63,-47,44,87,68,-15,43,-112,-29,62,-35,-56,-16,-9,9,28,40,3,-28,79,33,-50,51,-48,2,-43,-49,52,-11,-18,-20,-24,46,97,13,-18,-28,-12,5,4,-6,24,54,-15,-92,-27,66,70,-68
-20,17,92,-8,-23,-27,-64,-8,19,7,28,4,-51,-23,41,-36,86,-19,65,-2,62,40,76,-101,9,16,-80,-7,-30,10,56,69,-57,-53,-14,69,24,-10,61,-49,19,-31,62,32,-21,-8,104,13,-25,61,25,41,-79,-78,-41,-114,12,-55,24,-3,-52,-2,46,-56,13,-27,-20,-75,13,-20,96,-42,62,37,-22,-2,-74,-6,57,19,-85,38,-40,-3
-48,-27,69,20,-61,47,89,-18,-61,4,92,-17,-30,-31,21,40,11,60,31,12,57,-5,89,81,15,40,29,-33,-36,16,-72,-98,37,68,2,-115,-45,-2,42,33,3,73,29,1,2,27,-54,104,-38,101,-3,36,17,47,-28,54,43,55,13,-27,0,57,55,-31,61,75,-40,-35,-67,28,-14,-62,-44,-108,48,7,-41,42,-121,-30,-54,-64,-73,-26
37,-46,-7,-46,-101,36,39,-75,-9,-78,13,43,-63,84,-53,-24,54,24,106,50,-78,41,-47,36,-1,66,62,22,60,101,-70,7,-44,-45,-22,-84,15,-30,17,-8,-1,-15,-91,-37,40,-24,-23,-34,36,51,-74,86,-23,7,-63,36,-24,20,-79,-19,-47,-57,-61,-16,4,46,3,25,44,33,-28,-117,-40,-78,22,53,-40,39,-70,-32,-50,-22,11,-1
87,-8,-57,-48,-51,-4,-31,-43,38,38,15,56,-17,-118,-104,-56,-82,38,-4,2,-18,93,11,-86,-16,-41,-80,74,-5,-90,-16,52,-4,-24,38,88,-36,-25,98,-37,49,-23,-56,41,57,-37,85,-15,35,-29,32,-11,-26,-13,75,-73,-15,-1,-44,37,-102,-91,-78,-65,-57,14,-20,-35,74,72,-51,26,4,14,-58,15,-68,89,2,-96,64,61,-18,-96
39,-24,63,-26,-81,-2,-38,7,-14,9,38,-78,-26,-39,45,75,55,40,3,-22,34,22,77,38,-27,120,49,52,13,-6,48,-71,54,-47,-18,-6,37,17,9,20,21,72,64,-37,6,92,67,32,-30,75,-7,63,56,-3,-59,-5,45,-23,3,6,88,16,13,-107,80,4,-38,-89,40,-59,37,-61,38,48,10,38,-55,-9,31,38,-117,-19,-75,-68
-10,127,25,-11,17,-102,-1,48,-85,-14,52,-59,46,60,54,51,62,59,30,58,40,-17,-7,-20,51,-63,47,46,-62,73,71,-50,-25,87,-29,10,70,4,-64,-73,50,-43,71,48,-12,-29,-15,18,28,101,57,34,-65,23,41,31,67,35,23,61,87,81,9,-47,20,-91,-18,6,6,-7,30,74,90,44,-3,-43,0,112,51,57,-94,27,77,-6
-65,-66,-11,-25,-43,-104,-25,3,43,-32,44,-28,35,13,76,24,11,65,103,49,-29,90,103,44,-17,58,-17,-42,-43,16,-109,-30,-74,-39,-19,-48,-8,-52,-22,-10,42,71,-75,69,-56,-18,28,-25,18,52,-13,11,-92,34,39,-22,42,90,76,56,4,26,16,-42,77,20,-43,14,-35,-15,54,-74,-27,61,-4,-24,25,-36,-43,0,24,51,26,-20
-13,-65,-101,-27,83,-10,36,16,13,41,26,33,-76,36,-55,-30,0,-37,27,-21,-51,39,35,-23,1,60,-3,-97,-10,-79,-84,-7,-91,-57,-40,-15,53,-77,-74,-100,54,33,-118,41,-21,-48,7,-101,47,-57,-35,-44,-19,81,-48,28,12,85,-74,-36,-6,0,-75,112,-100,22,38,-41,-83,55,-66,-21,-29,-83,42,-50,32,-42,-44,-53,60,-25,-12,29
22,-29,-82,-12,40,66,-38,2,-16,-57,-14,24,-26,37,-39,18,-90,-71,-90,-43,-9,-10,-71,84,35,12,-85,7,48,-34,69,43,-23,33,-25,41,52,43,-66,-58,25,-50,45,63,60,-83,-4,-34,-5,-44,20,-36,22,1,30,93,-112,-38,-9,-57,62,-4,19,61,-65,8,43,79,71,13,38,41,56,6,-54,-11,109,7,65,30,84,16,83,-17
38,-102,-35,66,12,64,-13,69,-70,-25,-48,-102,4,-41,62,-24,-84,-24,-26,7,15,1,8,68,28,66,15,-7,-12,-41,36,-37,55,-15,35,-110,36,64,-72,91,4,41,77,-67,17,-8,-4,-29,23,7,-25,-5,66,49,-32,13,-38,14,-14,-48,66,6,58,-74,49,48,-71,5,39,-30,82,51,-79,-86,-18,70,11,-125,12,107,-13,31,14,-58
38,-19,46,60,46,-9,-42,42,-42,47,7,-118,-9,43,-23,3,-20,26,-3,47,-5,13,20,62,-46,-11,43,83,-9,51,63,-124,51,46,22,-63,-24,77,1,90,-41,88,27,2,-5,-27,-100,35,-46,-3,-28,-4,9,-22,-25,39,79,3,28,-32,100,86,23,-59,73,34,-97,-23,-30,-85,111,23,-32,-4,15,-37,53,-78,33,23,-89,10,1,-84
-3,27,36,37,-9,-49,-43,-35,35,29,-66,-49,-14,-22,-34,11,14,-19,20,-29,39,25,-52,22,-4,52,17,23,-19,-49,41,-34,45,27,-25,47,34,-17,-20,-39,-42,-9,-54,-55,48,18,-5,26,-26,50,40,-32,-11,-39,-31,-14,65,-11,2,-26,33,22,7,-4,-34,24,-32,-40,-11,0,-2,-39,37,1,-3,-56,38,-46,32,39,-10,-6,15,-42
-70,-71,15,18,83,-32,-64,48,-6,7,-61,-78,-68,5,86,53,-6,-56,26,-4,19,-39,78,24,-19,82,-67,-11,-87,-20,1,-18,-60,4,-99,-67,-36,-32,-41,-19,-38,36,14,-63,-64,10,39,-73,-12,-78,-25,-53,-44,10,5,29,2,-2,-10,-24,88,-43,-52,27,-65,48,-28,-55,39,-6,18,59,-9,34,19,-24,58,-53,17,71,75,7,67,-6
-67,-49,22,59,58,-1,58,30,39,-24,-91,8,-23,-66,-93,-16,-27,37,-18,-39,-26,35,73,6,18,8,38,-45,-41,-52,-99,50,19,28,-36,-13,74,20,82,8,62,36,-8,-40,-15,29,-54,-75,-31,43,-12,-92,75,95,-110,4,115,92,-65,37,61,5,-62,45,16,97,18,-41,-41,-8,-60,-8,-64,15,41,-41,-37,-49,3,-52,95,-16,25,-5
25,70,11,-35,25,-11,-26,-7,64,-23,-59,19,-49,13,-15,-50,3,-37,-4,-17,-62,-91,-22,-45,-29,24,14,13,56,-21,43,-12,-25,-43,32,41,-82,-9,18,-14,17,-77,30,-40,26,4,-56,-56,86,-34,7,-6,-46,-31,15,38,-104,-1,-101,-50,-31,15,-23,64,-83,-39,8,33,48,-20,10,24,78,13,22,1,52,5,24,-78,10,-18,-10,-43
3,-8,1,67,16,51,34,-31,-10,56,-13,34,79,39,-31,37,32,5,-45,-3,66,-45,-19,-16,25,-63,37,1,14,-69,13,20,-9,30,58,76,-49,-34,13,20,18,-35,-49,30,-12,66,41,-53,-35,6,-14,-23,-2,-39,35,-50,54,-26,-41,-28,-65,-62,1,12,-45,-13,41,-12,-2,-11,-71,8,-21,37,21,-40,-17,-21,38,9,1,-47,0,-15
-12,49,-2,-41,-9,-104,-26,-30,27,-29,-1,54,-17,-75,28,58,61,79,75,53,-12,-13,62,6,-29,1,1,57,-51,13,-64,-19,3,-2,-11,62,-13,-53,-10,24,-21,-63,-7,-15,-47,16,50,45,38,47,13,30,-53,-48,-10,-70,-30,47,9,20,19,38,-83,-33,69,-14,-75,-43,-27,34,-26,-49,33,54,11,-36,0,66,32,-2,-53,11,-3,4
-40,43,-33,48,104,-40,-4,19,8,31,-70,-9,57,-50,-64,-99,0,13,3,-9,109,55,33,-67,39,-33,-1,31,2,-124,-53,5,27,14,-72,25,-2,-61,24,2,36,83,-106,-33,-54,17,9,-80,-7,-36,17,4,88,48,-103,-21,45,43,-75,-7,13,-1,-51,11,-77,41,16,-67,-56,31,-92,9,-8,10,47,-62,-23,-2,-14,28,35,-18,-52,-90
-51,30,20,37,16,98,10,-34,1,-1,-9,-98,101,37,-41,121,15,44,-46,8,83,87,-32,58,37,-69,97,84,35,112,56,0,72,105,87,38,117,123,107,125,-32,35,114,-11,31,-57,-127,16,-126,62,16,-44,-18,70,-125,115,89,25,49,-32,118,-66,123,-119,119,-5,-6,13,-43,-17,44,-8,-11,-25,34,6,38,32,-51,-32,-81,55,63,3
-18,-45,59,17,-59,-63,-69,-6,-35,24,-1,-4,-39,42,61,-12,24,-55,-19,-9,-17,10,57,63,-18,108,-101,-57,-33,-9,50,-47,-35,-76,-22,-61,69,-61,-83,12,-77,33,-9,-70,5,-29,50,-59,35,-71,2,49,-12,-37,-26,28,-87,-43,30,-66,41,64,-21,25,-36,-9,-97,-87,30,-49,98,2,1,4,-9,36,50,-57,72,95,-96,3,-28,-36
52,-5,-7,85,24,-6,-49,44,-33,5,-74,54,59,-75,33,-81,-65,35,6,-43,23,-49,0,26,-13,-4,-13,31,33,-15,121,1,52,-16,-5,-3,-51,50,5,2,-33,73,78,39,3,23,-4,-23,-52,-68,14,15,25,-78,36,-32,-44,-58,30,-25,-65,67,52,20,22,-38,14,31,17,-2,14,31,35,-27,-44,69,-3,-9,76,97,-85,-36,-81,-38
-19,-60,-12,2,-10,-81,24,24,-49,47,-60,-26,-63,-49,-29,-30,-62,-1,-71,-40,0,24,51,66,9,95,-9,-5,12,-102,25,-21,47,15,-79,38,44,-6,-28,60,68,22,-70,30,-67,42,14,-53,68,-77,3,13,99,5,22,-29,-28,-21,-93,-29,49,44,6,52,6,55,-27,18,14,15,-59,62,9,24,40,56,6,3,24,45,-65,-36,-73,-64
25,-36,57,35,-68,-6,21,-79,70,1,-67,57,-107,2,-22,-105,36,6,-8,8,3,-76,49,-45,-73,42,33,-45,46,-10,-76,-27,-3,-95,39,75,11,7,42,-25,-111,36,-19,-13,114,-29,71,101,-14,-7,-100,112,-38,-72,51,17,-89,-57,-69,13,-100,16,-46,-33,-22,19,40,30,11,-48,97,-88,-51,-38,22,59,-91,-27,-45,-20,-59,-16,19,15
-25,-104,0,60,42,-46,36,8,-49,95,-96,-2,-35,-105,-40,-76,-47,-34,12,6,114,66,-1,-74,47,0,-15,23,22,-99,50,53,35,-53,-30,2,7,29,50,-6,-34,42,-75,60,-60,76,-15,-29,43,-3,-4,-30,32,-19,-21,-8,75,-1,35,43,-59,-113,-33,-44,4,58,-25,-43,-92,43,-108,56,-61,27,-15,-31,-35,33,26,84,80,23,7,-62
-30,9,4,64,50,43,57,18,-60,74,-18,-108,44,-23,38,-31,-14,6,-12,53,45,-15,100,112,9,95,46,-11,16,-20,96,-45,19,56,-49,-55,-37,14,-22,37,19,111,107,63,-67,81,-31,-51,-69,-56,-12,-18,66,14,25,27,43,-14,-36,-48,69,92,14,-54,57,-14,-64,-70,-19,-59,-8,-10,36,-27,3,54,81,-27,38,72,18,-23,-65,-81
-6,-22,-32,-72,51,-21,2,-8,33,13,-25,-67,36,62,103,82,26,-11,-72,10,-85,-43,-52,44,-14,-40,-60,17,-21,47,42,-6,-59,24,80,-55,-21,17,-99,-37,-68,-38,101,-14,70,-30,-53,70,60,-87,26,7,-81,-61,71,78,-11,-52,104,15,67,33,19,-58,20,-65,-31,46,-34,43,91,20,0,-44,-65,-12,8,-28,24,36,-69,18,3,84
19,-101,-27,73,-5,-68,34,58,-31,43,-41,-24,-29,0,20,-36,-34,-59,-89,-67,-28,43,101,-20,16,16,4,2,-30,-62,28,-56,-4,-3,28,33,-26,-34,-77,45,-5,32,-32,1,4,87,54,36,11,-1,-77,-34,91,-11,-44,-76,-28,-37,19,-57,44,13,44,29,-33,22,-31,20,-97,-45,19,19,-46,-63,33,-21,24,-70,-4,95,-55,-24,-37,-60
7,47,-51,-64,-67,37,40,6,76,-19,-16,17,-72,51,10,-11,-7,10,-20,-9,0,-73,-31,17,26,-6,41,-43,19,33,-35,-1,-5,45,-60,-40,13,15,-80,-50,-35,-97,17,30,65,-62,-37,39,-17,-48,-7,-23,12,48,-29,69,29,51,5,-34,11,36,10,49,-57,4,23,-40,58,-32,74,-53,0,-8,24,33,48,-67,-50,-86,40,-7,47,24
27,-81,41,55,28,34,-87,4,-20,-3,-31,-68,33,-59,3,30,-48,-16,-64,-14,75,40,86,-36,2,-18,4,2,-18,-119,75,-38,71,-15,2,66,82,44,69,109,-43,-26,-2,3,-50,14,19,7,-24,10,43,-13,76,-3,-47,-69,-46,-69,-3,0,53,-69,37,-39,19,16,1,0,-26,15,-37,59,-23,80,-80,-34,18,-50,96,70,28,24,-22,-80
79,105,-47,-123,-32,-112,-5,-24,0,-120,-32,-44,-55,11,-18,16,20,43,72,-42,-122,41,4,103,40,69,-2,93,-68,41,-49,-82,23,-33,-30,-82,9,-35,-53,-92,43,-85,50,27,-83,-76,-40,-81,51,41,19,11,-22,35,35,17,-40,10,-33,-1,62,-27,-102,-30,-50,-50,-77,-25,65,-11,16,23,43,64,42,-22,77,-27,75,-96,-48,65,90,-71
19,-47,-13,22,46,-57,39,29,-4,-63,6,36,10,9,-31,-55,-50,22,20,-2,-21,-42,-26,18,-42,-30,28,-46,-22,-14,-45,-15,-6,41,40,-11,-29,15,-59,36,-60,12,-54,49,-20,-20,40,37,10,0,14,46,-27,2,69,-2,-26,6,-66,-17,27,30,-56,-31,-28,-10,4,-49,-57,45,53,6,29,27,-31,-60,36,-10,27,-6,-25,-7,41,10
-32,-69,1,-27,-101,37,49,11,-2,20,-54,-7,-85,41,-33,40,5,63,68,52,-55,-11,-50,66,-24,-12,29,-58,11,69,-59,-27,27,33,-9,-25,-2,3,52,-4,-26,-36,-81,35,26,-35,-17,56,-25,-16,-91,45,7,0,-77,9,-31,14,-4,-41,-8,-70,-47,-74,55,48,-42,25,-73,-59,45,-122,0,-83,12,50,-20,-85,-88,19,-31,-47,-65,-4
82,-45,-38,51,64,45,3,79,-93,44,-65,49,50,-109,-4,-65,-60,5,-5,-66,22,5,82,111,34,114,-33,36,39,-111,87,-84,62,50,-36,-76,-4,16,-67,62,20,117,42,15,-76,18,-18,-55,51,26,-4,-31,43,31,106,26,8,-58,-36,-28,5,-9,-2,-51,44,5,-88,-5,23,30,-53,65,-11,-8,-3,47,34,-63,3,76,-19,27,27,-127
-41,-28,8,3,1,67,34,-25,60,8,-76,-24,-53,-35,-47,11,-65,-58,0,7,7,47,-13,-48,-27,29,-30,-65,13,-48,84,-37,13,-40,42,26,2,42,37,64,-63,-23,9,-30,-23,-49,-44,3,-89,-11,-9,-44,56,-4,-61,48,-14,-18,22,-47,55,4,46,-7,-28,50,34,-61,-44,-47,33,5,-56,20,1,47,44,-9,-22,30,8,-31,-38,12
35,35,78,-36,-67,-34,46,-123,10,-45,-38,111,-31,-25,-10,-77,31,25,106,-9,-63,42,-21,15,-26,-5,36,108,64,82,-88,42,68,-57,6,19,-7,67,90,88,-64,0,-19,-13,17,51,46,85,-65,123,-45,52,-25,-68,-52,-35,39,-16,-67,15,-86,-100,21,-53,87,-45,-6,7,-50,8,-8,-65,-41,19,-44,46,-39,54,-44,3,-80,49,-88,19
-29,17,-21,-13,-62,-70,39,53,-122,8,84,-12,13,61,27,-24,51,44,24,-11,-8,-56,-14,8,21,-15,22,69,51,92,83,19,-47,102,-4,-10,-81,2,-39,-70,31,50,112,-60,-56,51,-81,118,67,1,29,27,37,-20,51,32,47,-11,14,49,-19,41,36,-23,70,-43,30,55,-23,55,-68,33,-3,-13,31,7,-57,10,-39,62,52,-43,-79,95
-48,67,75,1,20,-86,12,-11,25,32,3,-83,-25,17,-35,67,56,-56,50,-1,22,-14,-16,-63,33,31,13,39,-59,-64,43,0,-28,-46,-44,3,81,3,-31,33,13,-83,76,-27,-60,-18,-10,-65,-39,51,58,-46,0,-40,-21,14,72,-3,1,23,39,-54,38,22,24,-47,-36,-39,-37,27,-32,34,68,-6,-31,-36,-44,68,-5,8,-14,37,32,10
-14,27,-69,-5,40,81,-29,-11,-21,-40,-63,61,-36,2,6,-32,-78,27,-5,-68,24,-1,-24,3,-21,-52,30,-49,38,-34,-11,61,-9,26,25,11,34,32,31,23,7,6,-23,-29,-7,-62,12,54,42,-76,9,2,19,21,72,-12,-60,-41,-8,11,-66,-31,47,15,17,-28,69,80,-41,13,-8,63,-27,65,-50,-39,-2,8,20,10,-26,36,-29,16
12,107,-4,19,104,19,-69,2,7,5,-2,-69,-26,7,37,74,-33,11,-87,0,16,-10,6,46,34,-65,67,125,-30,61,11,-30,127,59,1,61,103,93,17,4,34,-46,111,56,-48,-50,-125,-68,-96,-14,59,-94,-5,37,-49,81,39,-71,0,35,101,33,69,-51,40,-57,-29,47,120,-71,-17,32,101,81,-6,-122,122,47,62,56,-46,51,41,-5
